% Intrinsic and Extrinsic Camera Parameters
%
% This script file can be directly executed under Matlab to recover the camera intrinsic and extrinsic parameters.
% IMPORTANT: This file contains neither the structure of the calibration objects nor the image coordinates of the calibration points.
%            All those complementary variables are saved in the complete matlab data file Calib_Results.mat.
% For more information regarding the calibration model visit http://www.vision.caltech.edu/bouguetj/calib_doc/


%-- Focal length:
fc = [ 576.352800234520830 ; 574.860069576728280 ];

%-- Principal point:
cc = [ 284.844080627503900 ; 220.979980235369540 ];

%-- Skew coefficient:
alpha_c = 0.000000000000000;

%-- Distortion coefficients:
kc = [ -0.461376108017824 ; 0.374733308398196 ; -0.003632028566522 ; -0.000244183405385 ; 0.000000000000000 ];

%-- Focal length uncertainty:
fc_error = [ 18.172792820804823 ; 18.596081983839234 ];

%-- Principal point uncertainty:
cc_error = [ 31.623775374966566 ; 33.557770645618135 ];

%-- Skew coefficient uncertainty:
alpha_c_error = 0.000000000000000;

%-- Distortion coefficients uncertainty:
kc_error = [ 0.104307691660916 ; 0.371454123204401 ; 0.009335868153918 ; 0.008971420595711 ; 0.000000000000000 ];

%-- Image size:
nx = 640;
ny = 480;


%-- Various other variables (may be ignored if you do not use the Matlab Calibration Toolbox):
%-- Those variables are used to control which intrinsic parameters should be optimized

n_ima = 25;						% Number of calibration images
est_fc = [ 1 ; 1 ];					% Estimation indicator of the two focal variables
est_aspect_ratio = 1;				% Estimation indicator of the aspect ratio fc(2)/fc(1)
center_optim = 1;					% Estimation indicator of the principal point
est_alpha = 0;						% Estimation indicator of the skew coefficient
est_dist = [ 1 ; 1 ; 1 ; 1 ; 0 ];	% Estimation indicator of the distortion coefficients


%-- Extrinsic parameters:
%-- The rotation (omc_kk) and the translation (Tc_kk) vectors for every calibration image and their uncertainties

%-- Image #1:
omc_1 = [ -2.034410e+00 ; -2.366601e+00 ; -3.036537e-02 ];
Tc_1  = [ -6.248417e+01 ; -8.768773e+01 ; 3.600567e+02 ];
omc_error_1 = [ 6.688906e-02 ; 7.921685e-02 ; 1.575720e-01 ];
Tc_error_1  = [ 2.002440e+01 ; 2.130709e+01 ; 1.724422e+01 ];

%-- Image #2:
omc_2 = [ -1.491042e+00 ; -1.732434e+00 ; 1.796622e-01 ];
Tc_2  = [ -8.432612e+00 ; -7.937303e+01 ; 3.383682e+02 ];
omc_error_2 = [ 4.430320e-02 ; 5.092871e-02 ; 7.018191e-02 ];
Tc_error_2  = [ 1.870589e+01 ; 1.984007e+01 ; 1.277355e+01 ];

%-- Image #3:
omc_3 = [ 1.945273e+00 ; 1.553649e+00 ; 1.344473e+00 ];
Tc_3  = [ -9.329232e+01 ; -1.542613e+01 ; 2.205266e+02 ];
omc_error_3 = [ 6.529029e-02 ; 3.390966e-02 ; 7.839540e-02 ];
Tc_error_3  = [ 1.273769e+01 ; 1.360226e+01 ; 1.256570e+01 ];

%-- Image #4:
omc_4 = [ 1.980383e+00 ; 1.983328e+00 ; -4.312041e-01 ];
Tc_4  = [ -7.816960e+01 ; -8.330332e+01 ; 3.270593e+02 ];
omc_error_4 = [ 4.564943e-02 ; 5.521609e-02 ; 9.137952e-02 ];
Tc_error_4  = [ 1.812933e+01 ; 1.930222e+01 ; 1.251075e+01 ];

%-- Image #5:
omc_5 = [ -1.529426e+00 ; -1.576023e+00 ; -6.666891e-01 ];
Tc_5  = [ -8.847769e+01 ; -7.737126e+01 ; 2.612011e+02 ];
omc_error_5 = [ 4.498167e-02 ; 5.232952e-02 ; 6.636269e-02 ];
Tc_error_5  = [ 1.464661e+01 ; 1.592658e+01 ; 1.243339e+01 ];

%-- Image #6:
omc_6 = [ -1.937132e+00 ; -1.957645e+00 ; -3.348729e-01 ];
Tc_6  = [ -1.094600e+02 ; -6.698333e+01 ; 3.290316e+02 ];
omc_error_6 = [ 5.214893e-02 ; 5.577339e-02 ; 9.791731e-02 ];
Tc_error_6  = [ 1.823418e+01 ; 1.986547e+01 ; 1.555541e+01 ];

%-- Image #7:
omc_7 = [ -1.527629e-02 ; -3.061836e+00 ; -8.052886e-01 ];
Tc_7  = [ 1.850727e+01 ; -7.873831e+01 ; 4.242883e+02 ];
omc_error_7 = [ 3.236348e-02 ; 8.355568e-02 ; 1.203764e-01 ];
Tc_error_7  = [ 2.351057e+01 ; 2.510037e+01 ; 2.020608e+01 ];

%-- Image #8:
omc_8 = [ 5.538176e-02 ; -2.380016e+00 ; -5.281900e-01 ];
Tc_8  = [ 5.321007e+01 ; -6.321219e+01 ; 4.581376e+02 ];
omc_error_8 = [ 3.780201e-02 ; 6.883293e-02 ; 8.669601e-02 ];
Tc_error_8  = [ 2.547019e+01 ; 2.704706e+01 ; 2.300397e+01 ];

%-- Image #9:
omc_9 = [ -2.385794e+00 ; 1.197722e-01 ; -1.047316e+00 ];
Tc_9  = [ -2.020262e+02 ; 4.325301e+01 ; 6.525168e+02 ];
omc_error_9 = [ 8.109035e-02 ; 4.393879e-02 ; 9.586400e-02 ];
Tc_error_9  = [ 3.693465e+01 ; 3.920047e+01 ; 3.153139e+01 ];

%-- Image #10:
omc_10 = [ -2.367135e+00 ; -2.048874e+00 ; 4.724306e-02 ];
Tc_10  = [ -1.135419e+02 ; -5.554301e+01 ; 3.413422e+02 ];
omc_error_10 = [ 7.325936e-02 ; 6.092461e-02 ; 1.415281e-01 ];
Tc_error_10  = [ 1.892996e+01 ; 2.033766e+01 ; 1.579049e+01 ];

%-- Image #11:
omc_11 = [ 7.050709e-01 ; -2.466126e+00 ; -1.106865e-01 ];
Tc_11  = [ 4.819981e+00 ; -5.760078e+01 ; 3.465369e+02 ];
omc_error_11 = [ 3.853768e-02 ; 6.527675e-02 ; 9.090734e-02 ];
Tc_error_11  = [ 1.938722e+01 ; 2.018207e+01 ; 1.659282e+01 ];

%-- Image #12:
omc_12 = [ -2.078418e+00 ; 1.530774e+00 ; -4.783595e-01 ];
Tc_12  = [ 1.577565e+01 ; 1.019990e+02 ; 3.981491e+02 ];
omc_error_12 = [ 5.776228e-02 ; 4.059126e-02 ; 8.589173e-02 ];
Tc_error_12  = [ 2.214137e+01 ; 2.324491e+01 ; 1.330806e+01 ];

%-- Image #13:
omc_13 = [ 1.463560e+00 ; 1.546233e+00 ; 1.193933e+00 ];
Tc_13  = [ -8.730321e+01 ; -4.732768e+01 ; 2.772125e+02 ];
omc_error_13 = [ 5.994406e-02 ; 4.269511e-02 ; 6.913821e-02 ];
Tc_error_13  = [ 1.585107e+01 ; 1.682524e+01 ; 1.397743e+01 ];

%-- Image #14:
omc_14 = [ 2.307518e+00 ; 8.562745e-01 ; 1.607565e+00 ];
Tc_14  = [ -7.924724e+01 ; 4.568512e+01 ; 2.499607e+02 ];
omc_error_14 = [ 7.073445e-02 ; 3.849048e-02 ; 7.709658e-02 ];
Tc_error_14  = [ 1.432946e+01 ; 1.504841e+01 ; 1.358162e+01 ];

%-- Image #15:
omc_15 = [ 1.980714e+00 ; 1.070394e+00 ; 1.212586e+00 ];
Tc_15  = [ -2.521318e+01 ; -3.424023e+01 ; 2.258676e+02 ];
omc_error_15 = [ 6.527015e-02 ; 4.079891e-02 ; 6.945814e-02 ];
Tc_error_15  = [ 1.260750e+01 ; 1.325540e+01 ; 1.192015e+01 ];

%-- Image #16:
omc_16 = [ 1.805482e+00 ; -1.852098e+00 ; -8.742312e-01 ];
Tc_16  = [ 5.081253e+01 ; 1.044024e+02 ; 2.870807e+02 ];
omc_error_16 = [ 5.858147e-02 ; 3.852259e-02 ; 8.518057e-02 ];
Tc_error_16  = [ 1.630619e+01 ; 1.687710e+01 ; 1.330584e+01 ];

%-- Image #17:
omc_17 = [ -8.933982e-01 ; 2.230964e+00 ; -6.762463e-01 ];
Tc_17  = [ -2.994372e+00 ; 4.042317e+00 ; 6.378219e+02 ];
omc_error_17 = [ 4.752135e-02 ; 6.613248e-02 ; 9.190614e-02 ];
Tc_error_17  = [ 3.516414e+01 ; 3.715970e+01 ; 2.119537e+01 ];

%-- Image #18:
omc_18 = [ -2.140155e+00 ; -2.233068e+00 ; 2.210945e-01 ];
Tc_18  = [ -4.553625e+01 ; -3.274493e+01 ; 4.828892e+02 ];
omc_error_18 = [ 9.591431e-02 ; 1.167325e-01 ; 2.276866e-01 ];
Tc_error_18  = [ 2.650736e+01 ; 2.825440e+01 ; 2.245887e+01 ];

%-- Image #19:
omc_19 = [ 2.045627e+00 ; -2.096739e+00 ; -2.453534e-01 ];
Tc_19  = [ 9.994035e+01 ; 1.085279e+02 ; 2.999224e+02 ];
omc_error_19 = [ 5.886927e-02 ; 5.275866e-02 ; 1.184545e-01 ];
Tc_error_19  = [ 1.741218e+01 ; 1.809772e+01 ; 1.529672e+01 ];

%-- Image #20:
omc_20 = [ -2.069058e+00 ; -2.184565e+00 ; 2.261303e-02 ];
Tc_20  = [ -3.295872e+01 ; -5.793502e+01 ; 2.611896e+02 ];
omc_error_20 = [ 4.176916e-02 ; 5.501354e-02 ; 1.077997e-01 ];
Tc_error_20  = [ 1.449508e+01 ; 1.546356e+01 ; 1.119253e+01 ];

%-- Image #21:
omc_21 = [ 1.162363e-01 ; 2.860405e+00 ; 1.015386e+00 ];
Tc_21  = [ 4.874786e+01 ; -4.825702e+01 ; 3.090801e+02 ];
omc_error_21 = [ 3.622797e-02 ; 6.554137e-02 ; 9.400994e-02 ];
Tc_error_21  = [ 1.703095e+01 ; 1.822270e+01 ; 1.332833e+01 ];

%-- Image #22:
omc_22 = [ 1.652562e+00 ; -1.645559e+00 ; 1.820238e-01 ];
Tc_22  = [ 3.588724e+01 ; 4.533248e+01 ; 2.004243e+02 ];
omc_error_22 = [ 4.947460e-02 ; 4.731602e-02 ; 7.184360e-02 ];
Tc_error_22  = [ 1.126793e+01 ; 1.184303e+01 ; 1.017849e+01 ];

%-- Image #23:
omc_23 = [ 2.235051e+00 ; -1.239100e+00 ; 3.842110e-02 ];
Tc_23  = [ 3.874258e+01 ; 8.794095e+01 ; 2.335588e+02 ];
omc_error_23 = [ 5.607498e-02 ; 3.919434e-02 ; 8.035714e-02 ];
Tc_error_23  = [ 1.328530e+01 ; 1.410395e+01 ; 1.194931e+01 ];

%-- Image #24:
